Forward: 0.801467 [m]
Left: 0.0589898 [m]
CCW: 49.0999 [deg]
